1282603 1522187
1263097 1510344
1332786 1596476
1375723 1656211
1351162 1643138
1379390 1689020
1414785 1726912
1375079 1701820
1396213 1737961
1420253 1782638
1398516 1775613
1433619 1821493
1438985 1853682
1438198 1864020
1432031 1866973
1418228 1877624
1434684 1913662
1410517 1912579
1389266 1906276
1397977 1934662
1385920 1944776
1346357 1922523
1296902 1893618
1257964 1876486
1220473 1847557
1188696 1830716
1116413 1766263
1067807 1723764
1025604 1678662
983988 1633934
